10 10
10.983471375099947 10.181063674874391
11.305855883181678 11.127672479475796
12.30251066124447 11.20939917869097
13.048399606439343 11.875469506386237
13.81316745863151 12.519775437022746
13.975368356031293 13.506533192950059
14.677173911186625 14.218901751178954
15.659301495821873 14.030685366401933
16.505526025805167 13.497858898539688
17.468955210354597 13.765821967559319
18.29294099836933 14.332432434414411
19.147027653469035 14.852563173345109
20.078271044808464 15.216960958857916
21.06586903290766 15.059957092974239
21.404182292842453 16.000990640809963
22.275225416773583 16.49219719232602
23.23813209995221 16.2223625772561
24.176624596778193 16.567662205696866
25.166416091612003 16.710185174914646
26.119653808935617 16.40796364313428
26.56093793679276 15.51059620529103
27.515577402719614 15.808360357087205
28.159756893335622 16.57323471531194
29.089997490916502 16.940184889875695
30.079883515080503 16.798319957053014
31.076019864042276 16.710499832496595
32.06693079480863 16.84501944923616
33.06546001117633 16.790803178061324
33.511774336169125 15.895926916611606
34.39880671961452 16.357634129809732
35.39591146011577 16.433674490605412
36.27678778170037 15.960327993764478
37.10052158662215 16.527304729291682
38.095746066770054 16.624917403234846
39.092928912477795 16.54990825561799
40.0035361463314 16.963181126314197
40.96834093604507 16.700213984363796
41.86280827383275 16.25308069145102
42.60566632088274 16.922529660329953
43.320803484928206 16.223545514157088
44.30558995688818 16.049776688861442
44.81596590650375 16.909728077053824
45.764274496791586 16.592378399905268
46.69065851787161 16.968958597854666
47.6265845843173 16.616762064442565
48.626584516000115 16.61713170529953
49.565987773067825 16.274317585679906
50.45511041583747 16.73198659939433
51.415471073899475 16.453226117175788
52.41542295075845 16.463036518096036
53.38576134942649 16.221285836462368
53.695932144445955 15.270604986798828
54.61699030248495 14.881179936872897
55.6136263250397 14.79922483607826
56.61185280640722 14.739694239771751
57.40366127919478 15.350463707264872
58.3142561021503 15.763763923096652
59.204668237792696 16.218919093012087
60.098889958157386 15.771294792031883
61.02502204591786 16.148494150488958
61.92065067347314 15.703691540892928
62.51222762044035 16.5099400855843
63.17431964251843 17.259362632816877
63.3170562997057 18.24912333454988
64.21583381879768 18.68752836551426
65.12902681018552 19.095055739417056
65.02616929178969 20.08975183919299
65.05416035235375 21.089360012693234
65.27826962256594 22.063924035733773
65.62022894906671 23.003638789805
65.83363486455643 23.98060241002532
65.87271234705635 24.97983859349821
65.80272167292644 25.97738623924494
66.15626234115567 26.912805394441172
66.62596528099418 27.795629923046413
67.19452748664084 28.618270195772105
67.47798202153075 29.57725587170806
67.82724878625937 30.514279204958626
68.79618301671859 30.266960671394283
69.64047626112362 30.802842111128875
70.57605697704793 31.15595501657213
70.88951313439883 32.105557690019715
70.88106655583059 33.10552201703868
71.19960418837007 34.05343223254231
71.04113163619947 35.04079561560274
71.05904424393603 36.0406351719737
70.52006382768916 36.8829534674549
71.12527739789363 37.67901661472423
71.8487620052491 38.36935712702211
72.18042270304916 39.312755866439744
72.51208340084922 40.256154605857375
73.22091017694116 40.961537198139816
72.9678065771218 41.9289763785323
72.49093336252598 42.80794846978494
72.81007749989243 43.75565465821288
72.86040462776835 44.754387445398606
72.55875540358495 45.70780642231775
73.01599095559584 46.59715205252982
72.97011586314483 47.59609923626508
73.91122851449603 47.934192385362635
73.98198509422939 48.93168599758501
74.75380127726928 49.56753171754995
75.10662887187219 50.50322006763598
75.4594564664751 51.43890841772201
75.19732071643014 52.40393942683434
75.18379474002398 53.40384794663116
75.95555463172398 54.039761989221205
76.8713132301008 54.44149098929333
77.86184218078604 54.30418695492296
78.19325714995666 55.247672046596186
78.63833458218416 56.143164134401424
77.92812653664038 56.84715598949982
77.81201938138241 57.84039268258858
78.16640692161558 58.775491325153894
78.52079446184874 59.71058996771921
78.38260713501494 60.7009960777077
78.59200221948589 61.6788271973799
78.28009574671005 62.62894000765063
77.98556574683326 63.584582241529276
78.31585174201537 64.52846314576803
78.85744106016733 65.3691063581142
79.26960929285359 66.28021411681472
79.68177752553986 67.19132187551524
80.09394575822611 68.10242963421577
80.66562167173832 68.9229091585855
80.64779239313121 69.92275020436445
81.06911452429885 70.82966125942352
81.53018808678664 71.71702317542783
82.20744846473906 72.45276659568773
82.71270503082503 73.31573577383202
83.11296731242653 74.23213639906487
83.67996413333718 75.05585637883787
84.05827527238436 75.98153487706111
85.04134978305575 75.79832869138987
85.37099329697361 76.74243416946523
86.08443565996407 77.44314808733084
86.38212519216599 78.39781082485514
86.6798147243679 79.35247356237944
87.4590580751878 79.97919503177631
87.06106682416336 80.89658424258491
87.36829186057594 81.84822113604864
87.67551689698851 82.79985802951236
87.98274193340109 83.7514949229761
88.28996696981366 84.70313181643982
88.59719200622624 85.65476870990355
88.90441704263881 86.60640560336728
89.21164207905139 87.558042496831
89.51886711546396 88.50967939029474
89.82609215187654 89.46131628375846
90 90
